31521
26161
15012
21203
1633
344
29115
22061
15291
30547
20724
27464
341
16382
12744
651
20368
21896
15293
9013
22330
4564
23608
21477
22533
31519
28818
27743
15159
17380
22127
13453
18084
508
22091
29892
31705
24842
7254
23369
30619
21526
13186
23316
2600099
2680
1404299
2657999
2361199
1125699
1154199
1310699
1361499
8243
1700399
2031499
1369099
25921
21671
23223
6763
14740
1406
6399
24178
7459
18207
7536
19043
28104
5899
27225
9952
8935
23335
10715
8725
27729
5391
25585
15783
14440
24494
21934
22758
25987
27404
19910
11082
8852
27238
12880
17181
17160
10372
5066
23669
2542
13895
29022
9317
12380
26498
4707
15476
11022
4618
6439
4686
29521
17169
13036
24506
22303
24239
2352
26316
5260
24002
22578
15964
17505
7672
20145
17079
22534
30762
6903
32403
11941
4332
18710
8265
1420
5986
22130
20286
18387
26197
7807
30114
319
15237
1228
21086
30823
31041
65
26439
13333
9782
27557
6040
28655
8069
16226
2719
17495
12568
6285
9910
1423
2101
12577
14453
7713
13395
11659
6694
26750
10797
25452
28537
19429
32022
32154
18810
8326
17036
8552
18111
7912
21519
31015
998
24200
25396
18412
28735
10179
5109
27284
23237
7413
4427
27142
19283
32483
20479
696
31764
4182
29628
17781
1852
23817
2666
13661
7413
26565
4535
1837
21916
971
31478
26048
29742
23922
8493
24534
11517
30225
25961
25365
17576
5919
25941
26701
6985
153
11
13568
30704
22180
7466
22050
10321
4724
27177
14365
18617
31340
491
24
18503
25991
12947
2681
32088
19958
21913
12968
24131
30475
28190
18454
12871
10837
380
21631
20161
20493
24098
5996
13474
26288
17567
23291
8737
7662
9980
1506
27821
6339
29263
3762
14118
6884
5773
13401
22604
9564
16544
8171
1400
18039
31417
21410
5514
8415
9960
2851
28706
28165
2026
28930
32019
32706
19522
19849
10260
1343
20363
4789
19641
5906
1548
27010
7842
20137
18061
9320
25075
27884
26217
15142
2051
21534
23525
13246
1113
22788
23232
7361
28116
12106
7947
31948
16425
29986
23099
23379
20883
8750
30333
18077
20677
23968
9289
31504
24356
32672
26170
4015
6963
16878
3869
19425
12110
25544
26184
2676
14492
17678
26157
19937
6719
15524
18734
27090
4301
11800
22707
26081
6660
8836
12922
32163
1209
26806
30767
25061
15634
143
7485
7989
10485
21929
18147
19877
10432
3388
29322
28107
4155
27459
22102
5900
11211
4826
12283
23323
9704
9707
30162
700
24784
2057
7724
1998
6269
18588
28902
28808
24789
30783
5949
28675
21538
28006
24036
28664
1473
15428
23892
26572
3358
26092
31844
9417
15584
694
281
26543
23136
27620
9151
31595
26976
10373
22584
10534
24570
8602
16789
11649
22230
24952
995
4895
2464
25197
26695
5733
15289
12454
1870
30333
21805
25424
28030
22433
19430
12542
28209
6806
11551
9035
6307
19830
23323
11712
841
6579
21270
11256
24932
21337
3964
2817
5847
3475
23129
8710
15925
22641
9232
32299
21791
3048
12881
9657
717
17435
15173
5755
11498
29400
16651
872
20133
10854
16744
5505
17925
1406
3514
13309
2940
20631
24366
6052
1984
22631
31539
11641
31702
422
31791
3227
12143
3605
4720
877
22904
12991
20837
32757
30445
25470
23822
22402
1006
30658
2993
12690
19220
3214
20431
6642
16133
18371
32342
32295
4678
24737
17688
6669
337
4491
25980
6078
744
22282
1907
26293
21160
8213
14510
3636
2529
21392
27663
32482
15013
20242
3421
10169
16671
17131
32059
21023
16166
3942
2395
2387
30226
1867
13551
4363
29391
15272
25952
12124
16432
13521
18243
19929
4997
15526
32649
13823
10095
7700
31989
27857
14579
32223
32212
29119
23246
12446
7656
25804
4872
12807
165
22512
30412
8556
27552
20411
14455
26502
25924
14140
23535
26994
11206
19233
1334
27897
6236
16415
5439
4628
17066
10389
2304
1455
30845
23916
20168
20910
23996
28225
1491
28206
18588
23750
23580
30733
11794
10085
32370
12460
12942
26407
20174
10995
13030
1237
21732
18838
22928
18781
7416
29335
5141
19830
30963
7181
31938
3207
22454
5667
3233
7877
9902
13923
10664
24220
29096
18485
25903
32081
13543
26274
32424
19173
5492
9054
32394
13628
29622
7942
32142
17023
3138
30374
27678
2750
6900
10878
28170
29914
13375
25094
7806
15010
18625
12591
20529
30780
1819
17132
7646
19143
4095
3313
24312
16958
12427
28858
21658
10911
5845
28112
8893
28749
13511
18760
27053
9139
17709
20108
5054
24619
9996
3422
11066
6686
821
14617
19615
6252
28699
3386
2311
7438
2018
23328
19688
250
9400
9488
7933
18246
14184
27260
19332
27537
27692
2437
20394
28575
4547
22974
6468
27715
30404
25651
28351
10626
12594
23722
4954
501
1104
16424
31634
5487
22711
15543
9694
3808
31397
18023
27549
377
4760
32147
24141
8465
3100
19045
1277
22984
24289
20892
3589
2794
28176
9869
18676
26902
29151
24168
31946
19359
8036
26813
28264
26930
678
20799
11076
18361
16122
20167
27745
25472
10637
17308
9599
20886
29245
4849
5263
24951
20141
28591
25961
487
23448
2165
15809
27937
10341
13533
17751
24625
8444
2050
32367
24991
18905
27711
641
23373
606
11321
30513
2978
16750
3359
20353
4584
55
24112
11590
6643
18255
8574
30425
27396
4611
12786
29966
24045
31724
2705
3434
32373
27843
4861
27792
23549
13941
5439
13565
19812
22906
16579
1525
11305
25443
24228
28349
19151
7091
6955
8715
10886
29424
2194
32187
13319
26618
16141
15043
30656
22427
15883
22889
14641
27230
29368
7604
18838
5285
1991
12320
30150
23798
25200
13973
2907
23702
28852
31130
14611
11865
11496
27079
20086
16312
31345
6520
7865
14372
16333
32457
2787
27290
25043
4542
30510
1400
1083
6849
12208
29839
13152
17746
58
10617
23365
19194
897
15916
12246
19072
28027
9680
27249
8032
21772
24526
165
19833
16610
24874
14394
21766
31646
10258
15473
719
29492
11703
6284
4257
10132
10843
15249
10747
27786
24491
26956
10506
738
23888
15507
8151
19665
29633
7886
448
8592
18779
22710
293
1098
17843
8284
30051
16952
18219
18541
23814
15371
22211
29877
20538
24202
20018
30691
30595
3708
9270
16012
23214
3016
21288
27506
7176
4059
3539
2309
29645
11082
13958
29738
32739
9912
19560
25660
15304
27387
17164
13392
13514
13434
30789
20926
20086
5593
15420
29661
11090
3545
8127
269
3535
13433
31964
17659
17785
17250
28079
23584
31857
32129
9592
30859
31005
14838
24560
25569
10270
5677
23262
25250
642
4938
3557
23725
9275
8907
5280
28423
9936
26216
32497
19160
5203
10046
31637
1462
1683
18477
4348
16166
18066
14207
22616
16224
58
9162
28405
29523
24139
30743
4552
27113
8856
25411
5962
13964
3699
28326
15239
23785
12134
26611
29297
10740
25636
8799
13435
7724
11710
21254
31075
19744
8474
3210
21839
22066
3234
7677
27676
23195
9785
22785
12019
5295
21875
813
6173
29794
28165
30387
22808
25868
28282
13888
12010
8297
5928
30756
20661
13028
28003
27827
11404
5397
32496
17387
26245
32392
31164
13911
19983
21952
27598
5426
15750
24955
16251
9680
6149
7992
18393
19514
22908
25335
29046
18713
27906
9280
27465
3797
15724
7270
23528
29181
13342
6669
30460
14570
6689
11754
1778
20127
3958
5322
16116
7412
3242
726
26904
20980
8875
13333
17623
5251
27866
26162
10688
27716
26977
8064
17005
24761
11207
26427
29623
5036
7618
21265
17446
23246
16972
3552
22443
7327
12024
15298
21394
29837
12167
24391
16050
25184
18358
9217
12775
2261
1883
12870
27842
16265
25776
28721
8830
31769
4335
21482
4918
22152
31519
11047
17750
11489
29997
31731
29520
10781
12094
25263
400
13382
32068
4438
4273
1501
6863
21509
32753
30330
24871
16058
29666
14002
9111
26715
13667
829
9739
22267
31951
4952
25054
346
32116
18025
3309
2474
17735
21730
5872
5529
17621
2151
4362
26507
4989
16179
13214
7463
17373
16056
30309
14102
23690
6533
28349
19975
18692
11373
26692
6391
22249
30438
27558
10415
4968
21167
10163
31886
7417
20150
28853
21640
15691
12600
18944
25711
24446
25898
11722
19569
13971
22232
1853
31459
10273
972
4811
23357
20297
16881
6338
30309
11243
504
13856
26672
21018
4347
10152
20006
11726
7520
19253
4997
11993
769
19279
16009
28957
8841
10492
8939
13563
18465
6104
7591
15375
25933
24680
15875
24090
8720
15532
32717
27199
2391
25331
31460
10355
21653
13043
11258
3887
6826
14617
14999
359
26121
31774
24673
10432
30234
18651
21916
16382
12253
28766
26349
25019
465
11325
6243
12127
16148
7466
31159
25676
13771
6088
4051
10585
1220
13246
30610
15490
29786
20745
9671
16606
22169
1942
26752
19153
12963
13584
3468
31874
16210
7415
21050
18063
28959
20210
100
8448
8003
18278
23724
20602
1052
32327
18950
2997
7377
22574
18039
5424
11321
11692
9500
7460
25849
23775
10605
32694
32493
6466
26563
13168
15306
28105
3864
31730
7937
9518
14
13541
23782
3205
21811
18737
17681
17431
16516
10864
11268
4717
25136
23714
6159
28075
31902
27170
13681
12064
10672
21465
21952
9498
30026
20913
32395
30463
270
30540
19261
3993
5482
4343
9796
434
17365
19673
7539
6881
32341
1136
21925
6307
18501
14911
24996
13229
25685
8128
73
30081
9170
14240
1508
3136
15144
26667
29917
4287
16293
4614
2460
29404
12927
32540
15783
19
15641
15834
1546
14412
642
15519
20732
25847
10814
14702
1727
9819
2122
23015
4552
27435
1626
32629
12832
1627
12901
11208
8202
22321
5731
2438
16870
14239
15702
27965
31061
9424
2439
25245
19358
22017
16402
6628
26961
13714
28068
18841
22826
28765
2180
22653
18999
3910
29648
25535
20797
20243
18442
30063
5465
10879
1235
32565
12259
19081
4085
27971
17303
20754
9639
25992
3831
12711
7693
1830
32235
3228
11263
15911
32427
16474
30987
32619
7646
9465
17085
229
11780
9746
23837
16904
32273
11982
15994
30843
25434
7235
30822
13588
6837
10753
16898
21764
17628
3303
30588
4943
531
12348
13013
20096
28939
18683
25064
22170
5381
13165
32168
22353
26426
20221
18089
12922
6011
19529
10978
24257
16405
8565
14513
7834
4343
6340
17183
9082
13847
11625
7014
28998
32017
10906
944
5644
32273
16615
16162
2545
19444
1482
25369
19306
28586
4479
19891
2991
13023
12053
26002
32621
32218
21190
1756
10171
19621
19076
16774
10064
32622
23764
19667
30707
2605
18911
21527
5170
18311
25286
193
26967
29426
11063
26008
9624
3611
14654
12101
13966
13701
18269
15890
3049
10354
11486
3313
29281
2054
12392
2496
6896
4522
26833
17099
8766
22703
8243
3475
11357
17203
27970
2766
26806
20041
30428
11182
4675
23892
5602
7270
16383
6324
18759
14315
6555
8101
12390
26871
17523
4451
32665
7252
7360
12691
8967
10327
3855
11230
957
19883
9714
15071
8961
13647
8181
13887
32738
4066
8659
19486
31508
14879
22762
27061
11515
2724
8685
5946
25094
11511
2009
19204
12606
11722
12074
30704
24863
7294
334
23299
3750
26087
11354
19537
19115
19535
19196
5917
8561
8381
18608
7489
16508
8567
22071
18897
11938
8645
582
5883
19045
24312
19067
11057
640
9899
14484
20875
31936
12873
24547
20838
7957
23503
20221
26962
12009
4051
18867
28971
31408
8390
24387
26501
16833
24438
12495
28237
20068
7382
31757
31406
30252
30978
15937
15410
29831
9086
872
32554
21395
28862
13750
3663
22323
26860
323
22441
7779
13285
8194
22704
28360
1669
8690
5554
24203
29988
1432
8308
20584
20320
13484
29212
30210
26909
14611
7246
19578
29899
15885
5526
18239
21224
12720
9478
7464
31429
6805
12576
27584
24716
30161
30198
9441
31874
12582
26255
31364
22410
5499
15757
15575
16619
13706
269
24208
4434
13529
32207
4993
7963
31467
32151
15725
18380
9911
15570
6939
13026
22105
25469
28072
12753
5896
1347
2081
24902
4424
27877
32082
28591
17760
14047
24536
11517
27663
32585
18558
18344
20347
9979
5830
23284
12394
29684
8133
12916
2996
4349
16180
26316
21497
12425
32453
14266
29583
22240
18355
18264
10942
3964
21149
6811
7728
4531
18836
800
10659
6295
20595
22056
19169
29211
26478
5345
14578
2423
23534
27111
31632
28877
15261
8202
5851
11788
32188
30290
8014
20245
22205
30016
18930
2332
27150
10583
19665
26449
20019
26331
9134
19648
5911
31449
3315
19830
23204
28007
21227
8934
25489
14637
13617
16267
1659
7204
1641
17870
19768
26014
21037
26153
27752
25991
8010
26765
14156
24810
8749
25857
1500
12214
29592
28557
16659
26563
8090
15190
2446
14608
8381
30986
11349
24399
7041
29822
23033
19619
28169
13718
21471
29096
26645
10342
987
18100
16176
4246
12800
31324
4907
19467
19639
26938
5833
10435
30479
17134
12476
20993
20820
99
10448
6315
12259
3924
13671
6896
13372
22286
32037
3885
31833
31351
24812
13842
23615
31567
8715
14337
21970
8886
14514
29110
17133
21230
28330
29741
26034
9827
4674
15296
21279
32744
21901
25233
27618
28740
11722
21031
22383
5357
18212
14428
13647
21523
24732
17270
30907
6624
9283
27028
8809
31487
20396
16204
19622
24667
16545
8594
15781
8233
14869
14043
29719
10280
30042
2947
25083
7463
21396
19820
18872
5065
17262
27369
29033
18053
12043
6362
8312
27888
1600
1048
7022
6207
14592
12819
4617
14599
13847
21689
13200
12872
16923
5530
23907
7594
15008
7242
6102
9478
6572
21511
21823
5416
19819
13468
10062
3540
14371
4741
24221
29446
27753
14932
18568
894
31126
23380
32575
14460
23669
1387
25
21193
26686
15941
31788
14582
15304
29102
5914
2792
5882
16704
2093
3733
9347
30527
20903
23048
3018
8385
595
24235
24360
4882
13664
14789
14934
24662
17519
28226
9505
32624
24555
27571
3685
11043
409
1685
29496
15479
28016
17878
1638
1119
13482
10645
27678
26776
28443
20266
24042
18388
7874
5734
19172
26904
29086
11291
18472
31331
21954
7647
25989
25232
5036
23310
14968
27261
25299
18190
16218
365
11391
16599
18136
8363
28893
17330
11172
4721
595
1344
1642
8199
2833
13503
6
27439
4329
16265
5108
30401
27488
16093
22279
8851
24581
29410
5726
7835
22785
28393
25237
6488
27120
23283
23352
11629
5871
28275
20093
21136
4598
2133
306
21922
25193
2110
13044
7199
10985
19734
12962
14009
368
31940
5905
1856
3485
31032
28673
32197
24908
9903
848
12543
16234
26418
27246
21998
17672
28512
9233
23229
10413
22638
28202
10477
1009
4972
31767
21168
23367
8650
23834
12179
22555
14106
9994
11360
26909
10263
14664
21059
15580
19175
11253
18731
19094
11421
16226
22899
23886
16386
24520
12482
21792
27029
4410
28208
4818
3280
22487
14762
16811
32429
28740
27287
29576
361
27738
443
17196
11656
2075
31324
28888
27673
19179
13988
11547
26171
18685
2887
1516
3552
6411
11878
10742
9169
21066
3506
30259
24307
9885
20436
444
6344
27912
1293
7136
9016
12392
19225
28787
11154
5730
26714
18024
20174
12954
8754
3235
17173
6693
21169
10504
14979
19264
368
15832
25387
15682
956
22845
10331
11471
26615
17187
6434
30799
12348
23882
6160
8350
8258
18841
14397
16901
8835
19126
27532
6506
2205
4819
26161
27075
11000
29899
23409
21969
11177
11117
30633
522
24726
11031
15250
4823
10459
12680
7363
23295
12653
2031
3960
20067
27901
11079
23953
3309
17184
20199
28382
6595
15020
27989
26265
4800
9061
23388
14900
31780
729
4446
9558
29834
18568
7915
7968
25883
3400
31889
13492
514
25064
12278
27896
12063
28948
30245
6551
7424
30840
26662
14665
12813
23849
19921
20309
5122
24384
4835
21588
26019
12488
4690
9271
3243
29658
11230
3467
5125
25606
22505
26108
32318
12021
11656
18456
7227
16461
3802
24150
15399
1237
28569
24407
17584
26842
27118
8043
4211
5585
5514
23383
7604
13117
21746
8278
26195
11987
3354
30045
29691
20444
31542
10659
1181
6620
7373
27745
21277
17009
24079
4566
22603
15997
616
10639
6164
10887
31573
18917
20218
4703
8567
13511
5057
23553
998
14778
16747
22972
16839
31005
15719
18324
8737
27826
28166
14308
24044
22874
29998
13128
20587
3616
850
4025
444
5241
22177
17146
16302
13770
14974
13364
14546
31275
6961
20701
19925
1131
476
26845
3340
28500
3248
5620
3153
4144
14176
12886
5390
17036
2006
8857
22167
8507
29478
30417
4797
20638
3776
9978
30880
15907
25065
28310
8644
30988
27500
2966
25959
2162
12172
25726
30226
25225
25150
22981
32111
26917
405
18042
10842
3965
29822
29742
25914
3375
429
1549
7826
17029
13015
8014
27603
12791
30754
18638
26229
13041
8154
23031
325
16854
30309
26855
18433
4420
8825
1486
15650
16538
4492
17816
18937
23479
2188
24525
29949
2053
11473
25525
21092
695
6480
18623
25328
21582
21521
24099
21772
23906
14307
24007
23575
8351
9806
9824
4608
28174
5577
24793
5907
21397
20525
5368
25618
30402
30058
28991
648
15300
5752
18960
8026
23994
31889
5141
11167
23601
28830
24031
32689
25063
5871
3277
13444
2261
13102
24880
10039
8045
26774
1452
23273
21281
19040
11746
11470
25636
20606
2123
3714
18036
1164
1895
15005
21528
31492
17944
6023
29862
27825
2888
15502
24073
1126
12498
19765
21121
13551
29088
7887
32747
11080
25361
23629
25667
12557
7581
7253
23399
4914
22715
7572
14878
24820
32258
7508
6744
5903
30607
31825
15544
2866
15784
9672
9039
11184
26526
27858
18859
26488
17400
21488
7696
21063
15309
29415
8197
22812
1394
28366
18450
6893
27222
14437
7369
14744
9257
1192
6403
14108
5444
13220
18284
13065
24645
6538
14146
7221
8953
24066
11865
10929
22656
26049
15459
13819
9899
31326
4974
15221
6825
9313
18862
10518
6371
27550
26749
16480
1060
29121
27808
9618
24573
6953
7116
28446
29288
14842
21352
18781
10411
28525
13461
642
17279
14187
20844
4813
3698
21083
16262
29953
9866
312
13250
25367
5163
18406
2882
19252
15418
10694
26039
4313
27779
5256
13535
28249
1880
27968
25932
2705
4731
29628
1126
5843
11583
28693
1971
2339
12777
24197
6486
18086
1628
3448
3542
21079
24566
25062
26401
21500
32437
13791
2257
2905
9118
1384
429
931
18015
23941
3699
6967
20019
16791
14805
13196
20998
31464
15809
7526
9178
1669
2533
5453
11113
5452
4979
25662
21515
21061
21025
30880
4571
25398
3701
2937
16917
22385
25919
9698
27331
30961
9319
6841
7577
13221
25832
18581
541
1804
1565
14335
19211
13826
28220
27103
6903
10458
13344
27188
7220
13740
5707
31496
20469
17136
25387
27556
22706
30796
13980
28672
17357
29099
12463
3197
5750
10383
2473
27094
8652
1960
10063
9556
25156
23717
5985
28994
28239
7242
4965
6561
14391
11459
29093
16669
10058
10808
10107
27199
19515
22945
16588
8419
13509
15836
28883
22509
8849
764
8224
20280
10586
13285
7136
5583
30799
28182
19038
31840
21177
1989
2250
3053
31709
23601
5690
21701
6692
12852
12270
10675
21881
28951
17112
7029
13555
6059
22107
18543
32692
10645
5204
21665
9489
1770
4695
7639
28659
25084
16443
31
2428
18291
8152
16000
3822
27807
10767
25577
16073
14348
1291
12392
308
14423
28615
26268
20382
32065
1744
3437
16293
1794
17997
31226
13623
16352
27964
13779
32759
13311
9726
5481
26594
31611
6166
4803
27954
2740
18222
16498
16258
23785
25434
26822
12340
11529
28321
11586
9232
12485
23482
14926
18477
2538
2579
25388
3605
25070
17176
14893
13092
25544
7345
31013
22321
2053
25868
19996
26225
26393
31646
24646
23191
1523
15204
8502
5952
20692
23151
15950
25999
14432
25247
18042
21268
9462
10159
22558
30707
13373
24177
27468
26690
29951
14683
3131
21682
5435
11843
6644
7794
13941
18791
23887
25168
23633
12720
3102
16162
10592
16952
3240
23396
24122
23817
3417
28194
20173
23336
17591
20249
16884
15826
28056
21017
28492
1285
21394
29101
3907
20290
948
3326
12657
9874
30067
15605
19756
7879
16359
1184
16470
10500
12088
24791
12410
16511
20051
31519
535
21638
14561
974
23100
5056
18809
30576
24149
31926
30740
21354
9797
22417
31938
32221
5301
32037
2716
25805
2475
3887
14074
6275
9054
1499
24806
25903
329
13962
11472
12242
15742
14289
26755
6747
4157
18117
27479
13072
20933
4470
18088
13104
20074
2745
23176
4311
8424
11051
8881
26657
1783
17266
20413
32658
25631
17350
154
27574
26318
7345
12344
5636
936
7442
11140
11016
15134
29032
9114
13250
23874
10317
12342
24137
16345
24641
22124
14771
6834
681
26522
26937
32311
12311
19610
4759
6210
16844
4412
2994
15154
1148
17395
2941
23357
4177
32206
25117
30216
25138
9898
31820
6260
6724
18855
13819
30395
945
3544
16443
19133
18857
10047
7773
27796
32167
21496
32344
22894
21238
14772
28780
7324
13171
14185
16901
20198
4500
32584
32738
8226
7081
3312
25462
7941
13410
19425
12175
13112
21650
563
16437
32174
14898
21384
20949
4918
2217
28735
17311
17740
15947
17642
22828
27957
8991
15874
16228
27979
5349
29658
22687
23701
21591
21202
5130
4250
14256
5069
21581
31095
26219
6373
10602
1072
589
605
25064
30532
24997
4054
14130
32132
16083
8646
6458
21284
263
28455
23905
18707
587
17260
21659
4744
30404
22713
3278
4318
22836
8787
16764
4513
196
6998
16290
13033
17409
28070
16608
25062
19748
1319
473
10173
918
25393
6109
14482
11955
17982
18886
30950
13775
31206
28703
27940
8566
25358
8332
18294
16888
7260
10341
2013
7973
14062
6821
25217
5462
29515
29955
24646
17325
1689
8286
28063
12189
16401
20574
19367
16812
8881
1625
5998
32631
18224
15219
23440
9975
6711
30218
24589
3844
19150
20049
11348
28951
32021
9786
28577
84
5428
6298
17289
29128
11924
25480
31956
23023
4944
20997
32394
889
18406
26851
17232
9037
32563
23263
4341
3535
2718
2065
2633
20830
6803
3206
4910
23073
25395
8747
15089
772
31049
23020
8410
14333
31616
28702
1793
3476
23508
16410
1892
29090
23879
6955
7991
22873
6613
1707
1147
4228
9385
9576
31186
3600
7313
20557
5266
29132
17072
8766
10520
3949
26995
31555
20831
10965
20422
16105
16849
18837
15495
20965
24668
15792
28218
6907
20937
19874
13055
2846
29001
7584
15554
28889
26193
15906
1458
6893
19624
927
22772
3644
8895
2967
21400
21221
29248
4823
29132
7345
26345
249
31823
21166
18331
19754
27177
14873
1454
8240
2714
18561
22152
22443
2896
24874
2926
20122
11996
432
7065
3874
18279
8684
5261
20875
18849
19227
25766
27788
3067
10813
13300
6856
1558
8636
16201
14744
9339
7758
27023
25867
1164
13084
30559
5419
11451
16676
10448
8322
5369
11740
9613
18397
4977
27928
28459
12112
375
25133
19897
26746
11451
23639
27288
29194
26819
12888
3469
20610
21656
16738
12308
9276
10431
21303
23287
24746
8554
12175
544
2273
22768
23738
21163
5465
9851
21382
10048
26350
21760
10851
5792
27435
18037
31685
20605
21960
22334
3018
15503
4977
5608
28957
4068
22986
8985
17690
19576
30895
19911
7987
24325
20672
16297
24466
20252
4893
19947
3327
13685
11886
16934
18949
27780
3367
12175
9552
12108
2314
10351
18778
6776
14317
26579
20295
17320
30141
17284
14605
23305
20419
31289
22231
2856
13606
12812
7084
2824
4273
15147
9547
5746
12247
27344
31578
16524
6900
8819
18880
21677
17110
22334
6736
14704
10108
11713
20903
2567
23581
32231
29527
22994
3181
21288
28997
22064
26395
15617
2639
14998
4510
929
31794
19166
2353
5350
3243
18401
5404
15751
11741
4679
11830
659
16883
28574
32680
12058
16902
9642
25843
27177
19521
24572
2357
26876
23875
5062
2984
4464
14532
21998
19819
8375
17788
22369
19589
10831
24640
31658
12327
821
27247
15811
27185
27990
6028
22315
4600
5958
15916
23864
23622
17460
12307
18607
21667
12318
23962
7058
15315
1089
18516
6457
12192
28628
2288
17572
32730
14581
27745
6416
21659
23012
27709
12488
2511
32367
1635
20030
25588
30125
14305
31578
543
27631
7957
13074
12608
244
2322
18747
1190
3676
28228
1183
22470
12895
8792
8015
7480
29375
15190
8507
7938
3067
29712
18687
5145
16582
3520
30464
12069
15799
29933
20152
2693
25922
11662
590
5523
6119
19058
31850
26409
19625
29663
23623
6500
3522
16762
30730
4775
11669
27494
22866
24547
18404
5808
26640
1046
25411
16619
14233
24850
18125
3863
10745
7552
22549
968
23946
11300
5472
24708
6342
22627
17
13932
10330
31746
2916
27166
25467
16944
25439
11995
19069
7111
8198
15589
29602
18639
14543
18219
14896
6980
19541
29736
25542
22296
4176
24073
12271
21372
32197
24078
1528
16732
3450
10034
13567
15144
6317
29710
31309
474
12805
19451
16870
2869
2761
9079
21853
17738
14416
23498
27885
13121
28089
26089
22214
18262
32220
3226
10405
7714
14719
10713
12199
32540
32206
19322
4703
18015
1797
2833
22822
7086
23408
7439
20658
6837
25237
23341
31467
20625
31920
19982
505
12947
11871
31263
24994
29249
13471
29635
15059
21150
5367
32429
1404
25260
32243
15500
5281
16686
3028
12014
8367
19890
17798
4190
19468
27343
26066
18640
22001
13740
17621
320
28540
22209
30129
6805
26369
20450
27778
3019
7586
27513
16532
27473
31519
12563
24275
10160
21487
798
16514
13166
30095
18928
31280
10290
19738
20492
14056
9512
23578
13217
29609
27815
28573
4436
3861
1298
19852
19519
365
24828
19513
5946
20669
21135
2103
9049
5460
20014
11374
6070
8823
16473
110
13936
10071
31441
12548
21235
23616
31997
1803
32122
4114
7053
133
2003
10741
19293
32747
18274
29513
5020
1473
14441
15836
27437
10348
26247
14944
1357
15944
15998
4892
20855
28150
11577
7905
12932
6387
12301
16448
12567
21615
14911
17658
11576
25692
5062
22968
21311
27845
5459
26108
22516
19809
25999
25688
16372
23400
7075
2782
13911
28069
27390
22487
13967
28365
15442
22200
3475
27151
22496
12625
30270
17900
1270
24904
21745
8521
17078
5574
22144
1730
32280
8560
30284
27202
26931
1177
12204
9424
22456
26549
24210
25260
17599
6673
4971
14235
26054
26818
24134
19839
28406
25052
21817
24874
27817
22500
23040
372
22058
14727
25320
17547
15803
4491
19180
26507
16861
17159
27933
3151
9163
21967
3911
2438
10056
26419
24529
265
8090
4841
2789
12396
19927
26695
10961
12242
29791
16309
6061
4870
17322
1123
23102
8392
1092
17975
17947
5221
8725
10250
32526
7563
31974
32275
28093
4698
8737
12451
26506
1982
21464
14099
3511
17405
265
16123
10190
16268
4897
21413
32064
10279
13502
6594
29260
6688
30137
29531
27682
1016
28772
8202
16457
26668
21520
11625
13118
29009
30931
19403
19038
3171
24712
23338
29957
32091
18710
17505
20728
8703
13302
29339
3584
22270
1775
268
13528
13116
10788
28895
21833
3435
18257
31599
24468
32731
3666
21689
11536
24211
8933
29202
31764
21408
6064
10517
25367
5549
6790
15072
32534
27860
13798
8064
24887
31156
19396
9641
32683
29380
11660
15018
11736
19430
30053
28321
24504
31808
1203
2283
15484
22087
19423
16607
17526
9756
16218
28348
3637
2588
7647
18655
24306
14771
27641
314
8747
11888
18630
22273
1165
25439
32762
28838
13847
7827
32038
4616
6013
30978
1083
744
22218
6294
21322
14748
16202
20608
4493
7687
16551
7120
12203
30920
29010
9794
7480
25266
4132
22363
30587
18556
18758
5045
5493
22202
16974
10392
5406
25100
12714
5577
19954
8086
1346
10663
19628
16816
23641
9075
15442
19678
22708
20464
24689
14594
2815
21548
1194
13008
32364
6813
1389
4483
10141
5743
22021
21710
15044
20765
10197
16150
11529
30271
5857
24542
25900
20899
32656
8835
24427
29598
25008
13609
18598
28580
29882
23541
21697
26903
20823
1149
21578
25181
21540
11644
19803
565
7602
30411
7106
17227
21458
28044
23648
16906
2063
26792
10191
7345
26491
2429
24648
6569
6063
13520
5827
2070
25869
6153
19295
3756
9800
3743
3333
23747
31015
31697
15432
29102
15493
27799
30096
28233
27549
5592
26232
9426
16004
733
4724
23290
13303
2054
19127
29243
26711
19899
23892
27243
24050
1958
16291
29330
6788
11295
14310
31737
15870
16360
18988
899
30341
2587
27766
1344
30142
17504
17945
20032
19273
7011
32355
8357
18571
4998
24193
24060
20913
9683
19104
11214
16369
10548
22099
18033
14611
23526
30773
30244
8241
8491
8399
23132
955
18239
14524
32600
11453
27022
18954
29179
13157
17188
22756
17883
15552
1381
12142
16790
17860
1790
8433
9573
8083
24347
2104
16371
254
16603
1338
17775
20808
11008
15865
7391
4141
16364
9897
6072
32547
22985
5397
18348
28640
12039
9023
26308
23580
6923
9542
1454
10904
24357
13965
29784
17759
28611
8730
6334
25932
8677
10812
10240
14028
19665
29553
30135
15333
13320
5766
19849
3960
19832
7680
2811
28099
14323
29371
25479
9769
30176
31697
5871
23094
16433
30141
31184
11742
1429
17601
3706
19717
27118
18053
8191
27205
23045
26368
5002
6891
1916
31899
25586
13378
24837
12180
31631
3605
23250
28833
24653
20079
6989
17111
26110
8869
24584
23753
23285
2454
12023
25844
25296
4914
10205
19803
29589
14649
2564
4718
10497
13637
16945
24880
25116
30731
5335
26777
23825
9694
14475
23097
17725
15477
29880
24095
26502
17901
6292
32249
238
15633
24146
19325
23399
1754
3738
17927
11498
9522
30774
17283
27843
1789
4110
24717
4911
6490
19798
15319
30504
32294
5638
203
16000
3011
20362
1394
5165
31255
26555
32661
6372
24791
27151
5410
16873
27397
29964
19408
6693
25527
9219
7174
6521
27
16634
11002
1618
2744
21226
28694
5501
21494
23595
18847
15421
3041
23852
17560
26779
26922
28519
7140
5118
16750
3220
12972
25595
30395
22045
3584
19822
24145
28883
4545
28106
1189
18655
1214
3757
29356
20987
8221
1976
22613
6114
11773
29341
16472
13060
31577
25977
12590
30079
8495
10085
24416
25675
26850
4935
21765
20660
20446
7407
12934
9742
28282
11359
27813
16292
17954
17257
11198
23281
15029
8576
12364
31251
15148
22984
24750
19068
23933
3951
25644
25579
29118
19520
28469
29594
20622
9589
9450
10169
26801
8909
12769
28444
20474
7135
1058
24881
23406
32686
17526
25140
678
14973
29922
22438
4725
11749
22638
251
29387
28452
2090
18579
985
16312
22899
8427
22134
29741
31091
16917
17346
15667
25063
23397
10249
1779
2853
3438
17642
25251
32605
16428
3768
11864
13087
10627
26912
28444
18205
6120
5900
4417
5939
21855
25032
757
15012
13989
15203
23830
22951
10926
24665
3655
31778
24146
15470
15427
13749
18499
5853
20337
21242
12610
18866
23737
27659
3218
2165
24983
69
13485
31240
1645
32588
24631
10706
23326
25423
25392
5150
16856
16526
4205
20925
31793
28185
20297
9971
3702
11226
14744
31121
27967
27093
21980
29278
10567
5295
16828
19899
3451
2925
24753
8071
25425
8831
25347
3649
20827
22525
14580
18796
2076
7472
17978
16184
12570
22868
27059
21854
21556
2460
11605
10572
10038
8823
12900
7042
31659
5650
11751
10812
16115
9246
2396
24401
16533
22227
31659
21851
13014
20789
11865
6168
6538
21142
17150
25616
6954
4956
19705
2424
26663
24324
4962
30295
11390
3943
12096
11239
16269
19772
23036
9022
1572
14815
22
25901
15072
26193
27671
22889
4276
15231
7623
4328
25545
14279
8607
3982
27784
9656
31873
22793
10485
12313
32679
17658
28734
30509
6362
24149
25747
2870
29412
21002
14137
28728
31303
12517
29402
3839
6703
2226
16416
14179
17830
6310
22658
6091
8455
9466
7005
19952
24501
11737
31046
29924
10764
3452
10655
21586
8088
16788
24168
5383
18821
25576
27224
7857
4439
5695
3372
743
4060
25984
23104
6506
18526
26648
27996
12715
9244
7068
25040
32141
16892
17839
16323
6507
28282
23591
21448
21853
22500
14443
9394
9143
21193
6687
31658
20691
17071
15620
12926
26641
31492
1561
15420
27163
11351
3079
7168
14446
12744
32443
15882
23062
21181
12885
26387
32184
19671
20801
11745
23766
14885
31139
13082
25679
10135
18937
2902
17957
28597
8444
3959
22659
11664
5318
1853
26111
23545
25914
25109
21276
29938
28065
29234
15635
9570
22929
24031
30163
26893
8467
15124
326
8898
4100
2375
30678
1238
23740
32132
29232
24018
4590
21696
25159
7529
20431
8299
32156
9645
10363
16708
7358
15490
7060
1137
13324
12626
29996
5839
18882
2818
5093
17031
3380
21029
23126
10978
29524
19312
20401
31326
31866
13934
13219
14081
1893
25717
2428
12525
21885
15321
24208
16181
9306
31583
20445
16111
138
20981
4846
2186
13711
7840
1535
20322
32552
27829
2913
8082
24530
76
13344
28169
16525
1778
32228
28385
15843
16542
10261
9708
17959
13543
25666
25999
27899
18547
26052
12243
6164
18099
5278
11705
26946
13261
26536
12494
2474
31450
10733
29440
14934
19538
12113
2224
19953
16580
15479
14600
28619
5067
9697
12431
23588
2877
27225
16890
28070
24229
19600
10566
9267
13044
12294
1283
2273
32371
15657
31219
4931
26876
4289
13523
29675
31850
31371
15993
26668
14670
3876
22047
31525
25572
4393
17919
22522
7493
30109
26144
4453
7389
1931
16751
622
7712
28396
4369
11382
22137
7882
504
13946
1923
28326
30900
29078
380
25368
18316
1736
10743
27061
2766
12791
23248
3125
8035
11828
11621
24278
26534
14143
1539
11771
21111
17485
29599
12057
22666
24584
14279
14547
25605
16856
2776
18020
22091
3169
28784
19006
8210
21837
12326
5104
8124
23115
18041
19789
14820
1879
25095
21195
24631
12861
16640
27433
31365
12120
729
8789
26135
9120
16965
19340
32580
14308
2913
28355
26943
4435
558
9542
2099
13121
19781
10655
24978
11816
6342
7865
22186
16365
17810
21061
28025
18789
6330
32349
7106
15640
32567
20071
18528
27461
14811
11069
30427
20262
1415
4747
20793
16756
5023
32120
1046
13358
26299
6792
8439
23447
26527
24256
31452
26750
18030
12812
12564
14273
31770
15071
23637
6932
31
3353
4620
7935
1649
16429
12786
29222
22962
12419
12768
20941
9641
28699
23524
8091
17904
10868
12948
1182
27884
32684
28578
17808
14082
6888
20657
11353
32264
2038
9831
10964
250
3121
22980
6870
13295
1701
23474
16237
19531
7028
13021
27493
23861
11897
7108
28945
6220
28970
28433
16200
1685
1987
16933
20397
19896
2465
30200
18995
21869
24811
10272
481
24881
19832
14895
11987
29245
3821
25410
2434
1464
31270
32727
11077
812
32216
5087
22551
28471
23156
13077
5530
13955
4430
17293
13148
9463
20222
20112
10329
23855
21766
21415
27074
25642
9910
20982
7933
5443
32077
31691
22253
4707
18273
18551
8819
1140
14209
22621
14389
16409
9752
24392
1438
8860
19092
2306
20774
15144
4040
3106
20947
5176
1935
24357
24575
12623
16819
17344
9053
5354
2573
7285
25143
25266
20973
16485
22009
29175
18620
16741
10483
25690
26591
22611
347
5321
30175
27563
15761
29361
17607
25685
17831
7534
12238
17601
5665
21511
7222
13878
26617
3352
372
103
6631
19215
15505
8008
16095
155
13008
27423
30170
6498
1937
1758
28377
31475
26997
2224
16679
4603
15043
4306
30431
16315
6411
17060
29103
15289
2057
21504
3291
15798
17355
9930
8325
993
32278
8392
18987
2378
2823
13748
7793
153
16630
22416
10273
26368
3999
16698
22640
17262
4740
20288
19587
26118
8845
23285
3121
15311
10994
19397
9739
2733
17754
21189
19609
10640
24901
1166
22759
2283
31399
17740
22080
8040
9173
15122
31546
3802
26277
14961
13299
5490
16593
24904
8601
7991
16285
21469
13104
2992
32442
20525
15247
31715
3689
2945
10412
15492
1252
3650
16410
8294
16121
526
1232
24373
5112
9739
10796
19559
207
23932
14392
31344
3700
3218
17707
7733
30595
14212
26675
18116
20777
6114
18801
15682
15168
7206
29509
8484
23483
1420
18637
5283
10565
6179
17832
3433
18725
4388
27392
7569
1125
22403
32199
18638
6195
6853
31296
14826
25991
21521
24770
27763
17414
23945
16313
7857
31783
5083
7917
8154
11412
13842
12295
20105
7891
30643
26705
23405
20261
30981
26557
9278
11182
6576
20777
15094
20183
22921
30689
27965
14577
15277
1637
24613
19739
24525
621
5143
5477
17864
21035
25870
4661
28543
9936
23298
6378
21733
28753
24232
1472
24149
15979
9816
17651
22825
13029
28494
30504
6792
26901
22294
13576
17535
30373
26946
13870
24915
27031
13662
24387
18710
26503
294
31591
1401
21040
27382
9427
10209
5426
4225
8381
17853
275
3526
12924
3862
22403
26688
10733
13159
27876
14941
12565
2224
777
13106
7432
10438
16702
15981
17929
30957
28041
26763
10994
20392
19248
21323
25559
11472
17019
20066
10214
14308
13755
26736
27281
30880
10123
3123
21488
32209
5718
32250
6240
26215
12570
19805
29553
204
18795
3884
18943
29812
9914
29605
14238
10678
7895
3306
2876
25562
6069
22962
30465
16755
22126
26686
30586
5871
16262
9615
13815
22380
27764
11478
27185
32717
14942
11052
32560
14349
13861
11139
32620
7892
2465
24284
3123
29512
20014
13499
25674
4390
26727
22488
15831
29457
20785
25368
30590
12074
28668
25275
25803
8672
27205
30167
14800
15114
3167
9221
23055
8499
12148
15194
3738
7988
16583
19097
26488
4105
20027
2982
19531
15581
15385
21054
48
24935
2062
21222
7399
19065
15731
22049
18740
17110
32465
11238
11908
16965
18597
29521
29140
4835
20832
2713
13263
24765
10930
15170
23606
26526
2056
30356
13445
13094
20052
13899
5588
9500
20748
21904
11771
13829
24693
30248
8185
9206
3361
17900
919
934
17590
14457
2120
26567
11250
2344
16212
4759
23020
6465
20789
26034
22685
32363
8769
1066
3742
21863
10890
23257
30259
11518
1283
758
17801
7480
31204
13031
27708
24271
2127
12630
2588
30435
13107
32391
17201
19183
5489
10217
5373
12540
317
31211
4352
20501
11975
1040
8322
25850
15899
9030
13708
16153
4166
1652
3384
2489
15291
24914
26410
13689
8181
16765
22111
5625
23645
14795
3878
2007
11885
22491
22123
13021
31510
6129
30267
15480
1887
19201
23429
32364
9296
8970
16670
5575
21006
22950
3080
24083
7751
9438
15604
11472
16848
28226
6917
24866
16781
58
31703
7110
5778
7575
19648
13130
8583
14189
16726
14462
27985
13605
19249
7974
1263
718
16114
24305
24737
22964
19075
8367
11856
30516
8353
19390
31018
13774
32152
1989
29837
15484
26958
1701
28198
14402
23171
10925
11098
21511
8023
23822
13796
25251
12045
10382
23488
28473
18702
27776
26184
10183
1329
15347
19614
22011
14649
15658
25929
23113
22432
7500
23331
23866
11155
27741
26994
11015
5693
30061
9045
28006
12616
26383
19042
14244
31393
24589
30861
6388
28028
13402
8523
10503
11417
32328
11768
17116
8645
20475
14710
25050
13987
6430
12056
21788
2732
5332
20670
15628
19061
21490
26689
1843
3120
14187
10257
23631
21878
28428
32540
13478
11844
20585
25586
1691
25923
6679
23335
17279
26956
30491
15609
5801
23595
22179
32307
6857
17059
27636
82
31097
30131
27300
11493
10517
14616
21257
24634
15565
6931
25329
26422
31480
364
32403
5253
11691
1975
9670
12532
24971
4822
18801
19226
1759
15807
5443
10814
10474
896
420
26741
12151
19072
16875
30731
24245
13575
25297
6180
2373
23296
11557
31907
10386
20734
8386
11595
20321
8318
7103
24612
10921
5484
485
21281
1188
1256
30822
26879
32294
29001
2507
3440
29230
12130
17967
9337
14266
28933
13227
2329
13792
22726
8977
24363
32283
31489
15581
15501
24803
28703
23144
28034
12416
23572
32607
22613
9759
3884
1908
17472
7462
9224
23635
1931
6341
16099
18392
24824
18381
21019
13951
95
31430
3052
32284
662
16444
20862
31948
25747
7001
27426
9259
12757
2233
17880
17607
29184
17785
28182
11733
6599
3217
10180
29987
782
15972
18315
31566
12368
9878
12623
53
24383
21534
8186
23469
11947
14236
6780
11895
23461
31724
14864
8047
23012
19707
9664
30981
19304
217
26411
15089
7004
22288
31878
29731
16449
16949
19425
30969
26953
28604
23467
18869
6913
528
29817
15662
32563
12516
4099
17350
27659
17347
14703
22171
26232
6895
17107
26370
9173
14952
29685
25137
20169
2891
5717
7483
4972
18269
621
15682
13995
17128
4663
28647
15597
2246
7408
2054
25591
31931
24604
21153
29708
30728
31178
14361
11353
5180
22553
32164
20113
6222
16891
15099
3541
15337
23865
22611
25814
13575
21943
10383
5949
17345
2554
29620
25163
12389
24807
1437
8380
28618
11469
5360
26098
25056
16294
5712
21583
24203
5274
20436
13027
1202
12997
16568
1607
32659
11578
12627
12488
13913
25672
32585
24008
6640
27644
31234
15458
1304
15334
25435
19789
25272
3104
26779
18435
3701
909
10152
23330
9092
7007
5243
19474
11708
23516
21201
14824
28912
22113
22563
1930
14971
167
27097
12564
28956
21829
19387
4219
22277
23926
12968
21873
12846
2077
20362
13448
20207
29190
1673
4505
4302
879
9855
10599
1430
1735
13484
32384
11945
7349
8364
3428
29846
12636
29861
3049
30958
22238
21957
14302
14932
10526
26860
30959
16084
7883
28581
22984
14454
27546
12635
7294
22546
22482
1226
28202
16997
12558
3507
32215
23397
14398
724
31390
23506
12528
4119
15631
25870
30158
10506
8147
1838
13927
24463
19344
27985
16946
4821
31245
9264
1231
2694
29847
12023
6033
21058
20899
24148
3130
26957
13748
7629
21765
6788
7039
11094
28138
4246
26445
27939
11037
31344
18850
22971
20696
21497
13596
9806
22618
9984
27549
12104
1584
22642
26285
20262
13747
21969
7961
6024
32210
14049
30688
8328
4881
10149
20560
25163
2770
11913
365
19669
25555
8929
19090
4642
30713
26514
29019
22130
15180
15887
6337
15076
27714
17800
4999
30278
6464
31326
13782
28716
8030
18905
27172
4671
1643
3613
3418
17368
24113
1626
22069
17358
249
8004
19436
21644
24402
8131
4116
28262
14607
3563
32705
27693
26511
24622
28655
26112
7489
20176
2336
11878
15974
22940
1606
9626
14105
21974
23266
22310
29325
6256
1134
5555
22423
4224
2809
2336
28268
26098
29969
25297
5035
28794
13029
11338
23710
6861
17579
25596
4285
1553
8256
23646
23667
402
6670
4416
8485
10934
21811
26461
1649
18739
32480
2607
12467
15231
22782
23559
16590
1929
22552
11356
297
25510
22645
10339
25591
19406
11908
14817
14012
30472
5758
18494
12044
16675
18246
4058
13462
23719
11412
932
3170
24843
3154
27880
18775
2344
6982
15720
9728
13806
17650
18351
11152
2390
10936
20898
18979
11671
7746
13656
17990
7325
6945
1067
8122
31671
948
24591
21877
24464
9548
32547
10986
3168
18317
3462
21130
1635
19224
24940
8587
1675
7015
13681
12520
10098
30711
23853
4009
24210
22701
10248
27236
5560
29043
26191
19460
30902
6434
17544
23497
19288
6052
28931
15504
23450
8026
16306
29013
25624
30139
16442
27382
29382
3902
31306
9017
10209
8826
17452
26897
24870
30348
26522
16925
9537
28858
2258
1394
25480
9558
1005
5018
23529
28644
13420
20444
17185
22143
23316
16062
30511
15480
5628
28105
22537
10305
7908
2188
6285
8329
17352
16100
7098
25769
19893
24698
12832
1087
18908
20876
19349
6680
26853
15601
28970
11860
26757
10071
7006
964
15187
18384
14481
21655
25303
18829
30651
16950
12260
23272
11101
31852
23848
11688
22712
25546
14338
19585
18238
11082
19347
27099
9286
15666
16920
3029
3843
26427
28791
14728
8375
4595
16407
3472
17700
1888
27381
20937
30531
3302
15861
2134
13881
21610
21878
1512
18055
2232
2088
316
4993
31010
29730
15334
17665
10346
25135
10318
23900
17123
29545
12536
29589
16338
19722
1288
24017
12826
13950
3589
24587
3097
23997
29405
13065
23245
13783
19497
30607
15419
9168
28083
27090
5393
28079
26933
26927
18826
8146
11876
10269
32146
23684
27693
6241
8235
18898
5951
26497
17935
4506
14793
8058
6038
10212
28805
16309
21979
19317
14581
25144
15130
29858
29933
16666
14941
9827
18257
12345
25176
21928
11808
24367
26513
23280
32177
30593
6596
8727
8509
27418
18565
3183
17566
1784
23335
14611
19286
7718
8157
10104
14547
24810
5663
26693
28146
13375
14415
20581
24513
7557
2205
25178
11145
5752
25896
25044
11276
23903
26469
17794
29707
5509
21189
31528
21003
19437
22162
12786
16729
13378
10010
7944
27724
12813
12816
28770
9162
555
29231
25054
28685
6269
9760
10383
7847
1505
28318
10328
29124
31329
6104
10170
21680
14251
4631
30187
14745
1985
23968
14120
1173
3058
28124
19275
10215
30729
18358
672
21886
3524
24389
5365
27070
27784
30891
3824
29571
2386
4157
10662
32099
25329
3556
16488
31796
18035
18370
22752
1742
14301
6169
29022
15122
21279
2665
2412
29740
14662
25561
6312
13844
24052
2776
26579
29275
18701
4612
37
2596
8372
27211
9443
12657
3958
80
2868
6048
23236
18704
17457
31029
15783
453
3387
32473
23471
9995
31377
3491
24621
26433
12321
27799
7585
5170
7327
25452
16758
22516
27349
13971
28653
12561
7482
9332
23640
31205
1989
18427
12680
32583
7171
1107
24200
27244
15208
24049
7052
519
995
25813
15140
1717
19124
5132
7093
11929
14722
19066
19754
1091
16808
16598
16103
11479
22993
8438
2558
22891
14788
8781
11174
26544
2177
20402
17385
30165
12428
23138
11420
28072
20105
7753
31892
19199
28169
15229
19223
8534
2212
26892
18321
9401
31560
25847
31112
14821
26064
9598
15570
20906
10456
12190
19974
5011
30160
14041
31536
7113
9552
27189
19657
20533
18347
4743
15078
4325
9159
26097
17071
18353
6188
13482
28691
6942
4698
21245
12218
18562
4192
25749
32059
26985
24746
27895
16784
10296
5147
18768
30151
10256
22108
30577
24057
9205
8307
19992
28800
2352
31127
2673
15717
4337
14914
22236
27160
7481
1417
12017
5476
23799
27817
17601
14241
31602
28898
19295
21292
24294
22408
19104
2324
14962
1111
24606
26134
30513
19975
4483
31692
14504
288
5124
6689
96
1296
11563
15624
13523
22394
4314
622
3981
20946
24717
15468
13963
27943
12255
29634
1255
30783
12880
28289
18103
29673
30277
3847
27698
2447
20816
7984
30740
20491
25010
23499
11588
21179
18718
21579
16308
3800
1216
29375
3209
23299
1662
16389
7549
27937
29566
14394
31617
29289
11240
17268
5286
28091
32749
9908
14653
20532
13832
278
29757
32767
18051
10571
17126
16750
28734
32585
28580
13897
2732
1601
5174
26470
14622
23250
1807
3193
25412
22908
14333
1582
5872
2391
16392
15989
14110
7941
10397
25373
7218
11237
11756
11941
2432
19849
142
13135
7185
29035
19051
23669
5796
219
31451
6688
12020
2364
7691
27351
16441
13424
17315
14261
1777
9617
14501
14015
18912
3554
6296
18292
5206
3589
31207
32165
26032
14190
14724
20102
31265
16919
10704
5126
4275
19061
10431
23132
21128
11180
24887
11234
16230
18943
15290
20263
17267
24970
16965
11071
23100
11571
31608
18014
25340
31198
246
4774
2588
31200
21775
32060
27638
27830
15261
29601
21726
28408
6699
21312
16995
1672
9053
30531
2514
16143
20876
22699
18428
27306
29872
29856
32313
23264
22403
27909
173
9688
16355
5968
6602
19400
20088
28057
1814
20657
408
5616
13103
7754
24423
29684
20748
16953
2883
30882
15493
23689
19039
9322
17430
21081
15277
28552
16352
6353
18178
3217
6640
11355
1909
14668
11204
2063
13576
4548
5387
12654
20874
6555
28589
11348
7355
28577
1291
27432
5042
24485
26760
3926
32636
18060
6984
3583
22278
31904
7480
3311
30780
14890
3918
3023
31859
10818
19218
11675
11268
8166
4957
13911
21818
8522
16992
4350
2671
15727
6377
29116
2929
24567
4834
26716
24107
5944
25882
30468
23169
143
2121
288
11643
20214
30030
9884
6054
8153
30394
24406
27319
4646
13202
27347
2674
21412
22353
26673
29898
6277
31533
10844
5450
12606
13467
7301
26547
12950
27925
19152
11751
25597
26395
25421
15621
26656
5240
17194
9686
21434
8646
25639
15464
9901
23348
15945
17144
23377
20103
29139
15381
12
20063
19826
10243
3875
15036
1208
12638
30927
12992
10955
3327
5012
5047
17759
4388
26318
26964
3041
18378
909
13117
9973
94
24482
9163
1059
9365
26362
15370
4557
21657
14123
26888
30565
3685
14669
1612
7645
25714
3595
27044
7262
1939
32761
23588
23868
10269
28713
9323
3882
29260
28921
1576
13994
10722
814
23261
29640
10513
10567
10211
20488
18075
17675
21935
10397
26424
29541
27731
2267
15928
23153
31047
2287
361
7639
618
1230
5179
27992
10820
16235
28194
24998
27022
17965
16444
7033
500
10400
7732
22751
3609
22635
11878
29907
21212
17794
9540
1298
13786
2716
4088
2602
32051
15848
12875
26068
15506
14843
31685
2947
4967
29453
22549
7997
8311
11366
24244
30378
20119
8723
9670
12395
24244
31453
15425
21932
21271
5756
3920
14845
8167
3079
16122
3421
17648
27823
9727
21656
13474
7853
6402
15316
11357
25721
8429
30566
25068
25661
13458
9962
10831
17289
13710
28306
32189
11080
13427
15038
31977
18419
16422
25037
23429
6660
17541
6195
21508
10926
15437
27340
2213
30923
14907
13169
30125
12822
3442
15304
22771
3226
1309
608
12962
21610
5973
22013
17211
403
28485
15152
10969
27215
9868
20523
3513
25979
11746
8916
25081
29003
10495
11544
19104
12861
16825
27522
9183
24139
13932
16908
9367
26725
10142
9013
14618
30
26851
11603
31542
14758
22783
12843
27504
29176
1355
23743
20365
17236
7258
26983
23127
7664
29659
9251
157
22763
9665
8496
8060
20354
2210
25561
22493
24198
1885
26512
17215
22029
7168
16189
26039
13161
29161
16086
308
14166
29483
25392
11784
11383
17715
27669
23716
29188
30891
23702
9379
7869
28830
21922
1291
20514
17629
32472
31183
31205
9122
29082
2712
18848
30324
23139
14020
29380
20042
17498
25263
30417
23283
17191
10802
15821
29109
28421
15466
4847
26421
26392
9403
22939
16534
19970
9492
3731
32741
29873
1396
26987
4021
10106
31917
12861
4614
20844
5736
8095
5740
27102
14953
20690
31597
24651
14612
14396
32554
31328
304
2584
17218
22610
25324
877
18419
4981
1055
7484
8834
11019
27092
32766
29405
13145
15110
19278
23680
31489
8360
1506
1685
6795
26345
18879
26463
8773
17333
173
24280
23117
26239
17641
25753
18668
13630
14875
19707
29477
23221
29319
27004
2958
2552
13447
2148
863
6956
13369
6056
12745
25998
5493
28430
1417
31415
18946
1426
29884
10014
8201
5640
7925
23518
5321
30468
21901
26041
16269
10743
32314
5469
26843
26010
995
15591
8687
8080
18867
9894
28776
22855
21613
26913
25152
13343
7679
15451
7681
4302
18265
13397
17206
15875
7295
1237
12064
31305
7901
12902
31147
19758
2524
21664
16032
31653
1458
19881
1820
7082
31870
6908
26433
2852
17812
9065
9259
19983
6933
9821
30246
6106
3524
12388
15134
1038
27412
14572
11607
16945
18822
19788
29278
14570
12081
27909
5695
25702
1698
31559
18168
29689
21991
27063
25646
27401
27623
111
14111
18728
30709
26438
26328
32128
16292
21586
31911
10612
26332
940
3284
30340
32301
23667
22412
881
19300
26388
30238
11426
92
30920
26730
13255
21527
14430
5781
2748
12813
24634
6914
17840
29636
24990
26750
30854
22689
19752
8379
891
12286
9372
12032
4874
27005
31204
31518
22285
32667
32597
18598
13604
28808
27956
5721
31322
14646
24697
4576
20486
1711
5842
29630
30704
4525
11243
22402
5045
22628
15341
25665
31597
10915
3909
22851
26506
15387
13222
21245
29187
12542
9809
23615
12979
22733
29588
8111
31484
2923
28560
19830
29871
23669
27712
2361
10288
6358
4279
29771
11733
17045
13737
10273
3728
32498
27437
13574
6094
10930
3009
30991
9886
2231
143
25426
11798
16083
6895
30547
31986
5342
10028
9407
1663
10758
7307
18269
12984
5223
3721
25409
31150
7900
17253
28995
20013
6420
5086
20399
7068
28136
30782
11070
23333
29675
26263
29765
1046
11331
26189
13357
23431
25528
31956
22307
26430
27147
22459
15888
1999
21385
22506
11468
32263
30943
25128
26767
24459
10544
6368
6824
16061
16997
25380
19313
2527
9157
25842
2434
25979
11973
19638
4389
1538
18977
6673
2058
19635
6955
16857
8508
11198
26979
21345
15700
5546
24649
762
23277
31732
9071
15801
27479
8441
26834
10875
24464
16661
3434
15399
367
22285
22528
14643
27939
32682
24128
23658
16092
16551
16399
29420
18632
14030
11551
7030
25921
28509
26816
2787
14661
28846
16377
31219
31526
13847
9687
8268
4482
8976
27141
24766
7798
12691
15773
2763
19215
24521
31294
21863
26369
8418
24415
30460
12444
21828
14818
32433
22779
3561
10732
21228
6271
7938
31477
30997
26492
17889
16923
2718
12081
26133
14012
31552
1790
8663
31043
5255
20945
20901
15426
19088
20450
7980
962
19986
30880
18283
28375
32667
12522
18454
16247
10268
12675
31800
5259
6824
12736
27677
2631
9081
10884
21615
13495
26676
17774
10399
10395
7533
19537
5254
1653
13678
11493
16717
15328
27700
25788
24970
28451
21691
26999
18603
18694
19324
24889
4504
4325
29235
16220
6292
20226
6373
6499
19556
26911
14370
18480
6836
27981
24712
10616
31670
32511
17288
5491
24844
6754
14701
23768
3048
8689
26777
25352
3698
27204
29202
10377
31850
14376
18238
22967
3854
25845
3307
13750
16446
7452
12178
25003
8414
27904
3293
31788
28284
4103
22118
1269
11314
13808
4546
27868
17102
12903
22974
25095
27697
19158
17640
11356
28149
5759
5458
11833
26451
9416
5522
23909
13891
24021
18189
18503
14308
20828
17782
31574
26655
26549
913
23249
9351
10545
17725
17584
5764
4013
31409
3802
2225
5735
24838
13720
11138
31760
3062
20042
3370
27426
15587
4697
18620
31859
11034
5740
12432
18443
8538
479
30696
30770
5264
23153
8147
4814
6117
14396
11090
27884
20986
30187
24250
31901
22386
12583
3673
32003
3762
12114
16476
6315
228
31352
9712
3613
15426
19074
12200
690
11153
3757
16671
30630
1771
11067
18398
5486
16834
16233
14720
16716
6690
1952
15636
12576
11574
12271
962
29057
13582
10937
5298
4620
21407
24491
4137
27644
3852
18161
11765
14076
25380
17578
31500
24633
3115
22681
6768
22458
28381
30237
3413
18420
16816
6243
18054
27545
23386
26330
3333
30130
19091
32231
29169
16365
6940
12251
23981
13112
27648
21026
30783
7822
15130
27324
28918
28689
2519
20978
26960
1114
16189
7233
1818
13
27436
24731
29145
26544
20196
11983
16233
27069
20168
19013
5092
3829
12642
31982
30918
17656
20390
5755
12110
30483
6779
27597
551
10585
6519
27309
23111
18933
18154
5566
6936
11454
27935
31919
2517
25868
26846
1205
17463
29130
30005
5433
2642
28621
25721
31950
24505
18020
27271
8805
18409
561
23631
22212
8677
21047
2196
23092
26397
23347
3565
27258
20884
21808
21008
27913
11586
10070
32335
2422
22712
30211
9571
18476
14594
22301
30313
2401
9425
8358
8490
26697
2778
1424
20383
24201
22393
29907
22709
15342
23962
28350
4173
18015
18137
17546
22663
5648
20200
30261
22592
505
20017
8846
31449
12423
22461
15756
7482
8337
28245
227
3095
16013
5351
19161
14194
23044
15915
24406
16226
3907
24453
16187
15890
31060
11054
2549
29452
16428
13711
7506
13240
22310
2541
26515
17695
32688
29259
8130
757
25668
30348
22598
30679
24475
22233
8116
19153
17437
1346
9192
9763
14235
25256
2901
31557
30528
17114
30873
18472
6085
31742
27732
16831
5605
1331
31035
1982
19217
26740
32360
17826
6756
3007
23540
25841
27097
5495
21960
13507
15292
28680
6320
10881
31838
12489
5554
8173
22541
26150
10141
12898
11587
4350
14052
10077
28446
19786
20397
31293
3088
28160
24102
30535
11480
4151
1304
2029
24497
27019
17086
5200
969
21955
22487
7683
2292
26545
9466
30738
22434
346
29226
16451
29967
14167
21674
32155
14265
891
10002
2084
8215
2742
18339
7662
10632
31289
4312
18772
10122
16347
16445
31872
812
8636
16260
1586
27846
31016
982
17340
21991
5310
30567
13394
18319
1489
8525
20864
26782
23822
32658
20732
18573
6751
18312
13214
16988
21520
92
17837
3019
22833
11246
29788
17613
21307
29152
7316
6970
10998
238
14068
22212
13465
6781
1303
24876
26419
31862
9237
7862
9035
7508
10316
10970
19651
28284
9824
19772
15363
6349
19840
15070
19027
26489
30443
30612
32135
21779
20147
27577
5858
28393
31169
545
2357
659
23834
25166
6727
18892
27233
6887
13177
2177
5532
20581
9642
20776
22587
17424
25689
25427
25942
18218
31753
22661
29494
28266
18410
4932
15895
6572
10933
9327
10284
9190
20184
6866
6884
20318
12755
28920
3436
16922
32482
3392
21621
9880
31964
2099
7991
17600
4955
11541
17845
10007
11037
26810
19523
8245
28074
6812
16454
17529
10295
31786
21052
11259
21963
4706
20732
4290
5280
23969
27198
7480
2764
15290
21597
32474
32288
12358
17756
4404
9041
1852
23336
13581
26709
1474
22812
10207
15888
7490
24266
28554
9520
21695
31737
11848
598
23658
17898
29412
32118
32624
20960
22823
28800
26647
14558
3732
10560
27145
2227
3925
643
18159
17972
12148
6267
8514
25801
17486
7268
4446
22315
581
2920
4313
7531
25270
19648
12306
29751
9771
31517
18957
2393
18129
23878
10878
22912
28460
20994
23075
6979
18697
13112
1367
23395
14516
29781
12517
11856
22636
32750
12570
6895
18452
6311
5918
8859
9515
16723
2180
2666
16126
28764
13599
18865
23324
4709
24343
16842
7691
8239
10557
8980
27705
19385
8092
9020
22325
2220
11856
26811
27423
29685
31388
20384
28766
24244
21046
27536
30096
85
9445
27403
13767
5116
15438
16368
12018
25895
9739
12612
31897
3983
1022
14895
19150
30287
14053
23111
30048
13895
5934
15122
10065
6083
12300
20165
3722
17240
12490
19538
30670
15887
2144
11426
26349
28870
24388
3359
32570
16082
25474
7030
20542
28649
6927
28315
23214
28992
12378
28941
24987
12784
27941
16475
23529
7838
22419
9703
6658
91
9602
3306
29643
17097
31258
6584
4824
25983
8614
17990
11484
7343
16291
10217
16995
25862
8983
16992
13763
3796
13605
3093
20047
1133
13789
1952
31695
20431
15193
5773
28205
9093
9989
26975
21873
27339
1342
12500
24047
9458
2847
29803
15551
4102
9879
12836
24686
26287
21695
11143
6643
13653
12907
999
20965
2695
31488
5096
7659
1694
27013
5695
19059
3741
12284
4537
11431
9820
30962
9343
20636
13798
10069
5272
22477
15903
18566
18863
7113
16554
27823
5143
26920
24329
22871
25868
26307
29958
18995
23612
32037
12882
13375
20102
21052
30573
16142
10753
11604
31173
26718
23360
22343
29474
1520
6100
19181
24641
6551
12819
18906
4799
11150
23064
10569
6714
7950
28683
27475
18610
13600
19363
30821
22069
12721
7400
3312
26555
22244
19006
12130
32079
10924
28575
16982
2927
15001
25384
1799
17334
20978
25303
9227
20664
22021
20371
1086
2350
15547
6508
8700
24147
20847
16677
4755
2445
15360
4847
26103
15696
32293
32376
11960
23871
23297
12324
17970
405
23800
20378
8452
18884
28096
1923
18371
16988
13499
14990
18415
25133
12164
2488
12581
25264
14536
4042
29335
30627
29015
30243
11450
10740
16250
18103
19262
23008
22664
8024
31555
11356
2228
10805
20938
26548
11561
32672
13929
882
5209
21780
26180
28545
14481
7542
9016
22162
2257
32411
25433
24511
13276
16395
5279
13166
10635
5892
18652
18297
18022
29634
24049
13964
23925
13310
30274
9934
5204
24245
21863
963
17798
19754
29989
3953
23819
25902
26268
3777
25397
18591
21441
5417
10679
7727
13583
13192
20223
22374
3962
3665
3014
6123
20133
7916
32485
8703
3924
9305
27498
27722
28196
1815
7403
17626
11898
13380
26138
9577
19897
13317
28058
7390
22200
32552
15633
29207
2419
22536
18047
25574
11008
10929
21454
10841
4549
14405
5290
7487
16873
4511
16018
9191
11784
9525
29487
21035
28715
25667
24805
22189
3831
17190
20905
7777
8996
6405
7186
20812
28977
8887
10930
3211
19286
11489
3494
32150
20411
10591
19052
17094
22247
13286
24053
13589
9851
18919
9467
32550
15392
14774
7829
9605
17598
3307
15625
25647
5103
29193
14561
1365
12211
26973
6721
5469
17509
14633
27767
6186
5357
27906
20436
9117
15160
25719
23994
859
19685
13555
4855
18897
14401
25317
13393
29302
28022
13853
24930
31056
10239
11641
18855
3002
27743
21954
14291
13924
3603
2001
26473
13467
20933
20982
22665
17611
32706
4250
5642
9794
31406
31266
8650
9270
11895
8727
31554
21002
27527
14212
29790
23757
574
672
18571
5636
12959
26029
10769
7081
17481
25888
14755
16755
23209
31490
7220
8024
22895
14742
8973
26961
27966
316
14877
29789
3240
19861
4240
3272
1369
24040
12195
429
27026
15557
29622
2490
29146
27368
7074
25907
9968
12639
25166
24889
26627
24304
22141
8269
8485
29877
25834
19472
17918
1545
18583
5196
25789
20392
21858
7992
25940
18961
20697
20216
18661
15151
19791
100
32119
2873
15152
9994
6638
24791
9361
27254
5690
18566
18187
10417
21454
27453
32714
519
2644
6225
15841
21005
27807
9878
28384
14819
6625
28871
6569
8119
12062
28967
7039
18314
3296
16489
15200
26935
9517
31693
1941
26545
26038
22157
12679
3468
4689
23159
23508
29375
9129
7131
3746
28584
32308
25767
17972
16720
5478
6865
20411
17137
20261
26101
26734
24757
15228
22592
21212
10177
29843
7820
22145
6002
15071
31692
23960
6118
8598
5035
9521
14783
24422
18544
13187
8995
5990
12325
2179
19975
11853
25848
15542
31662
32738
13537
579
364
2227
29829
15436
21168
22538
31067
8318
27714
24093
32525
5863
1224
27269
31777
19464
9871
28401
10712
10540
5768
23068
17238
9976
11409
7932
16388
11842
246
15421
3379
31527
4920
22509
2818
13911
19981
17273
20609
14516
3239
31704
31510
11548
1337
31238
3360
1154
15544
26548
8155
28740
26591
3134
27780
22200
23925
1501
28861
30216
32210
8990
12850
10561
13216
28818
25981
934
29151
20167
31815
13898
21291
9336
24240
29662
15938
257
21489
18119
13249
17173
24128
3444
10542
6067
3573
4334
5435
25942
4074
27056
4425
30573
31527
9914
13356
32266
8639
27361
2606
13790
26869
29801
20054
19557
27811
17109
18666
21598
29149
20222
30514
24190
27857
2403
24703
2661
7665
4800
15468
9169
2645
25314
20068
8210
21338
20921
6756
4030
12688
13999
22274
